0.0	1.0
0	0.5	0.25
0.0	0.5
1	0.25	-0.4375
0.25	0.5
2	0.375	-0.109375
0.375	0.5
3	0.4375	0.06640625
0.375	0.4375
4	0.40625	-0.0224609375
0.40625	0.4375
5	0.421875	0.021728515625
0.40625	0.421875
6	0.4140625	-0.00042724609375
0.4140625	0.421875
7	0.41796875	0.0106353759765625
0.4140625	0.41796875
8	0.416015625	0.005100250244140625
0.4140625	0.416015625
9	0.4150390625	0.0023355484008789062
0.4140625	0.4150390625
10	0.41455078125	0.0009539127349853516
0.4140625	0.41455078125
11	0.414306640625	0.0002632737159729004
0.4140625	0.414306640625
12	0.4141845703125	-8.200109004974365e-05
0.4141845703125	0.414306640625
13	0.41424560546875	9.063258767127991e-05
0.4141845703125	0.41424560546875
14	0.414215087890625	4.314817488193512e-06
0.4141845703125	0.414215087890625
15	0.4141998291015625	-3.8843369111418724e-05
0.4141998291015625	0.414215087890625
16	0.41420745849609375	-1.726433401927352e-05
0.41420745849609375	0.414215087890625
17	0.4142112731933594	-6.474772817455232e-06
0.4142112731933594	0.414215087890625
18	0.4142131805419922	-1.0799813026096672e-06
0.4142131805419922	0.414215087890625
19	0.4142141342163086	1.6174171832972206e-06
0.4142131805419922	0.4142141342163086
20	0.4142136573791504	2.687177129701013e-07
0	2.5	10.25
1	1.25	3.0625
2	0.625	0.640625
3	0.3125	-0.27734375
4	0.46875	0.1572265625
5	0.390625	-0.066162109375
6	0.4296875	0.04400634765625
7	0.41015625	-0.0114593505859375
8	0.419921875	0.016178131103515625
9	0.4150390625	0.0023355484008789062
10	0.41259765625	-0.004567861557006836
11	0.413818359375	-0.0011176466941833496
12	0.4144287109375	0.0006085783243179321
13	0.41412353515625	-0.0002546273171901703
14	0.414276123046875	0.00017695222049951553
15	0.4141998291015625	-3.8843369111418724e-05
16	0.41423797607421875	6.905297050252557e-05
17	0.4142189025878906	1.5104436897672713e-05
18	0.41420936584472656	-1.1869557056343183e-05
19	0.4142141342163086	1.6174171832972206e-06
20	0.4142117500305176	-5.126075620864867e-06
21	0.4142129421234131	-1.7543306398692948e-06
22	0.41421353816986084	-6.845708355740499e-08
0	2.5	10.25
1	1.25	3.0625
2	0.625	0.640625
3	0.3125	-0.27734375
4	0.46875	0.1572265625
5	0.390625	-0.066162109375
6	0.4296875	0.04400634765625
7	0.41015625	-0.0114593505859375
8	0.419921875	0.016178131103515625
9	0.4150390625	0.0023355484008789062
10	0.41259765625	-0.004567861557006836
11	0.413818359375	-0.0011176466941833496
12	0.4144287109375	0.0006085783243179321
13	0.41412353515625	-0.0002546273171901703
14	0.414276123046875	0.00017695222049951553
15	0.4141998291015625	-3.8843369111418724e-05
16	0.41423797607421875	6.905297050252557e-05
17	0.4142189025878906	1.5104436897672713e-05
18	0.41420936584472656	-1.1869557056343183e-05
19	0.4142141342163086	1.6174171832972206e-06
20	0.4142117500305176	-5.126075620864867e-06
21	0.4142129421234131	-1.7543306398692948e-06
22	0.41421353816986084	-6.845708355740499e-08
0	2.5	10.25
1	1.25	3.0625
2	0.625	0.640625
3	0.3125	-0.27734375
4	0.46875	0.1572265625
5	0.390625	-0.066162109375
6	0.4296875	0.04400634765625
7	0.41015625	-0.0114593505859375
8	0.419921875	0.016178131103515625
9	0.4150390625	0.0023355484008789062
10	0.41259765625	-0.004567861557006836
11	0.413818359375	-0.0011176466941833496
12	0.4144287109375	0.0006085783243179321
13	0.41412353515625	-0.0002546273171901703
14	0.414276123046875	0.00017695222049951553
15	0.4141998291015625	-3.8843369111418724e-05
16	0.41423797607421875	6.905297050252557e-05
17	0.4142189025878906	1.5104436897672713e-05
18	0.41420936584472656	-1.1869557056343183e-05
19	0.4142141342163086	1.6174171832972206e-06
20	0.4142117500305176	-5.126075620864867e-06
21	0.4142129421234131	-1.7543306398692948e-06
22	0.41421353816986084	-6.845708355740499e-08
0	2.5	10.25
1	1.25	3.0625
2	0.625	0.640625
3	0.3125	-0.27734375
4	0.46875	0.1572265625
5	0.390625	-0.066162109375
6	0.4296875	0.04400634765625
7	0.41015625	-0.0114593505859375
8	0.419921875	0.016178131103515625
9	0.4150390625	0.0023355484008789062
10	0.41259765625	-0.004567861557006836
11	0.413818359375	-0.0011176466941833496
12	0.4144287109375	0.0006085783243179321
13	0.41412353515625	-0.0002546273171901703
14	0.414276123046875	0.00017695222049951553
15	0.4141998291015625	-3.8843369111418724e-05
16	0.41423797607421875	6.905297050252557e-05
17	0.4142189025878906	1.5104436897672713e-05
18	0.41420936584472656	-1.1869557056343183e-05
19	0.4142141342163086	1.6174171832972206e-06
20	0.4142117500305176	-5.126075620864867e-06
21	0.4142129421234131	-1.7543306398692948e-06
22	0.41421353816986084	-6.845708355740499e-08
